0.01m/s
Forward
601,8,23,41,23,000,54,7,FF,FF
0xFFFF0754 = 0x100000000 - 0xF8AC
Backward
601,8,23,41,23,000,AC,F8,000,000
0xF8AC = 63660

0.05m/s
Forward
601,8,23,41,23,000,9A,24,FB,FF
0xFFFB249A = 0x100000000 - 0x4DB66
Backward
601,8,23,41,23,000,66,DB,4,000
0x4DB66 = 318310

0.1m/s
Forward
601,8,23,41,23,000,34,49,F6,FF
0xFFF64934
Backward
601,8,23,41,23,000,CC,B6,9,000
0x09B6CC = 636620

0.5m/s
Forward
601,8,23,41,23,000,4,6E,CF,FF
0xFFCF6E04
Backward
601,8,23,41,23,000,FC,91,30,000
0x3091FC = 3183100
Speed change Backward:
601,8,23,41,23,000,58,F1,1,000,ACK,
601,8,23,41,23,000,BA,E2,3,000,ACK,
601,8,23,41,23,000,12,D4,5,000,ACK,
601,8,23,41,23,000,74,C5,7,000,ACK,
601,8,23,41,23,000,CC,B6,9,000,ACK,
601,8,23,41,23,000,24,A8,B,000,ACK,
601,8,23,41,23,000,86,99,D,000,ACK,
601,8,23,41,23,000,DE,8A,F,000,ACK,
601,8,23,41,23,000,40,7C,11,000,ACK,
601,8,23,41,23,000,98,6D,13,000,ACK,
601,8,23,41,23,000,F0,5E,15,000,ACK,
601,8,23,41,23,000,52,50,17,000,ACK,
601,8,23,41,23,000,AA,41,19,000,ACK,
601,8,23,41,23,000,C,33,1B,000,ACK,
601,8,23,41,23,000,64,24,1D,000,ACK,
601,8,23,41,23,000,BC,15,1F,000,ACK,
601,8,23,41,23,000,1E,7,21,000,ACK,
601,8,23,41,23,000,76,F8,22,000,ACK,
601,8,23,41,23,000,D8,E9,24,000,ACK,
601,8,23,41,23,000,30,DB,26,000,ACK,